8518689952
5414181660
8389230872
1087968824
7590335785
8603238069
8707050504
6139077039
5996149122
6024149147
7386905941
6205027662
8188153427
8634666787
8987345727
6926638232
8853391573
6708169584
8427721571
5314461808
6081742228
8236295031
6249605141
8378237378
6587674846
6101545407
609517172
8654125707
6074152428
7231205439
8725980933
5441309377
7380774110
5192522129
8100766794
777000
6917588838
8088553678
8740414772
6020527294
8647221929
8378677129
8163734432
5187870074
6379154565
6765200114
6841104988
7861571150
1142750381
300860929
6133254049
7553976257
